1.6947423877292442
-0.21845813360810865
-1.0987122906254532
0.23055037820852298
-2.3081277819916464
-0.0802307564671425
-0.10847438058679082
-3.9789924930829796
-2.300744689239323
0.693115100525307
-2.097812989750926
-4.095185813573529
1.6023405722819017
-2.8317724190449027
-4.708866876897607
-0.1156869725743559
-4.101944286571391
-6.847459094003847
-2.1139383600289796
-4.871695410314899
-8.52008341358074
-0.2892388762406539
-3.7398731547950828
-9.493916933903458
1.079091003656483
-4.002562688063823
-8.40724749341894
2.8041510683842397
-4.062195268424974
-10.751712992893546
3.6692033338085874
-1.5677424926993564
-9.571979332390764
4.7127973813762924
0.6350012312231694
-10.380891230883467
2.2154952792059213
2.299212073541681
-9.59622639237293
-0.11506027976117394
1.7931259518527332
-11.142315033620894
2.1655052474871903
1.885768008954676
-12.38417085336664
0.30768422629287606
-0.09645188930300463
-12.080946869964215
-0.12255529358109507
0.2929475144456481
-12.486852150484033
-2.374650562156189
-1.2822635076062678
-11.501910379953245
-1.052080780109166
-0.45509033083243733
-13.674047230394368
-0.10936053430294512
0.35687611233536165
-11.978328379166648
-0.6286594707563358
1.3143433401891667
-11.279850522722837
1.7116411863495478
1.0131069972970217
-13.08139114274152
0.22323923103604648
1.5552034966827168
-11.166265004271116
0.5506910084217558
2.2500736420292426
-11.430988540551843
-1.0526709163372405
0.7302435976663428
-11.093427578626878
0.6275364553544902
0.48946158915563237
-13.56728053510881
-1.4621766929287725
-0.1991001954005331
-11.466616778909309
-0.7114021045992922
1.2691055985796562
-12.317976042763977
1.075385089340166
0.07723148741151142
-13.065030580959313
3.406028363729182
0.45416350294646474
-12.91700956056236
3.167907244391599
0.6920444307431985
-10.464912790886208
2.560318443281539
0.31857630198974435
-12.833921580484546
2.6287456170439096
-1.5953442628185328
-11.37928408746803
1.1984076062956377
0.6514811734765853
-9.864167608164346
2.0383395732658616
-0.7126101388238946
-11.172347471686521
0.6103337220666631
1.0538413639482322
-12.790130443897361
1.217650780397942
-0.39062463633764777
-14.379775631565298
-0.40480219899525993
-2.619456884432586
-15.529874513707803
0.5507422551523803
-4.885653692948258
-13.18579479914722
1.8433607157958143
-2.796578776973415
-15.53627052533016
0.6238849364145254
-2.8116452799010374
-16.753310056029743
-0.031148625315854495
-2.9565832173659663
-14.891915719159456
2.2652827896352155
-2.2919076461433736
-15.000106901137176
3.7645074504950635
-2.9354138313776104
-15.679060593828526
5.930026042145541
-5.307167697234148
-15.94769407153289
7.230960490206282
-6.8208492218169585
-13.988571092574917
7.180970042246481
-6.071729333634248
-14.060952789339106
6.711956159337807
-3.83000185667818
-14.22193695158581
8.369354487724635
-2.5595112719860555
-15.367987968391525
6.554466493705201
-4.3402262306586925
-17.504884028782694
8.374952591901687
-2.1358562678323625
-18.091004427510434
8.949518281138362
0.055502602562067516
-20.067783645472947
7.4687061423482
-1.592744506242102
-18.68055883541381
8.200355562683136
-3.365716557137082
-17.588809590567028
6.332546217559674
-1.887806117464489
-19.750068641708637
4.286189233170168
-2.200486605664696
-20.365673460963436
2.2334108523915135
-2.595399091607621
-22.347236988717903
4.713407254100984
-2.083937482229877
-22.869581784345755
2.3704127078921835
-4.577527554376382
-20.4010293821931
3.6345999577040704
-5.4703832546040685
-19.076350222487353
5.917900473823918
-5.952594840070392
-21.45735670534182
4.836557886468963
-8.240621994729503
-20.977104631664826
3.6536342166982236
-10.053061041033578
-20.33407883595938
5.000636298919984
-11.715699239802289
-18.340339170542233
4.837855112648726
-13.743021684050083
-17.113890146117527
2.864649894898952
-13.740763857870265
-18.840925962068717
1.910825449554779
-15.03755151070498
-20.42512935406725
1.4340488617478715
-13.223626158443297
-20.272565342043773
1.8411349384038969
-14.690916218539462
-19.682129984058633
2.844048670501121
-12.49312108471078
-17.609186030987352
4.590921536958597
-11.8778819077823
-17.6762462945578
7.0224799592423155
-10.538773398484047
-19.341621026229998
9.194441383580793
-11.926372876828797
-19.902638351862738
8.627431579342021
-10.4232973999278
-22.367724418764602
6.713243612906913
-8.80584195309683
-22.286630376784487
4.794761815975928
-6.9051340086124275
-20.208104658865814
2.367149655907508
-5.533825556970857
-22.494745585642544
0.41737789522592017
-3.9696558775031856
-20.085936326507266
-0.025928376699288214
-3.2184592559017613
-21.277732839019475
-1.4353861668870604
-3.2635489988842097
-21.79747279451876
0.11236567628030691
-4.266757197660782
-23.86049873823738
0.40572619258380377
-4.722470651418878
-22.864859162418593
2.4905194412763074
-6.363348598972657
-20.447987254695907
0.9453497296810678
-5.577316070968363
-20.84676228152832
2.7322491597905634
-6.557591031637963
-21.236554263897673
4.507809775061256
-5.720634481392124
-19.311070205950724
2.7490367306263055
-6.451166189413252
-16.871197470679462
4.459511663975514
-4.439231332717647
-15.991621517642116
3.1322236594778268
-2.1426820980331316
-18.197521531964345
1.3218380094455782
-0.053106698104620875
-20.23102012023507
-0.27962267180796485
-0.15339812727888813
-20.691671202532806
0.1756288630498452
-2.5799595551100922
-19.965174776175587
2.4797315429805673
-3.6243379900545185
-19.19642816830612
1.9001259732968256
-5.584267092403309
-18.41209589305333
3.1373553433181645
-3.2112224875745827
-18.869176423066143
4.157616233224864
-1.966130960470371
-19.87175463635919
5.537352149306796
-3.389073991054133
-21.41335404251413
5.5403839594981195
-5.143633347448148
-20.256497551161107
3.804217965622988
-4.584162683680895
-20.775692520132427
6.218622025767808
-5.960594930016907
-22.955966133626934
5.029221854888991
-7.187287558809927
-24.41953883745331
5.252384254898402
-8.663273029289616
-24.515088813045637
4.40626715275193
-9.544581741057375
-24.48993655698804
4.305832547294569
-9.310165553881443
-23.719895162083922
6.4386616026742685
-8.44959818478978
-24.10512198870559
7.430771221285511
-8.928028411390038
-21.85530516196075
5.687072882344092
-10.051222590017538
-21.292832872308864
3.8038016059870525
-8.522410048482168
-20.801610370675032
6.0905052773005375
-6.4873753912977605
-19.61632477263595
6.818856891129397
-6.9584519182704465
-20.059767458480856
5.375467801997671
-5.297059642670096
-20.46242626519513
6.850049636791517
-3.758679695383276
-17.963088237466028
7.02126896378707
-2.9090725704493456
-19.959987725156907
8.306070246568455
-2.3364319778889575
-21.330315446798576
9.669532116920827
-4.143816716854301
-21.91328806892731
10.042780713696855
-5.942353209197302
-21.09950835753216
11.253072037925772
-7.401821116749177
-20.730375224776104
11.251623276130337
-8.95155696439346
-20.34904961521936
12.867204828921594
-9.73423510821889
-18.757268347451255
13.505723917961376
-11.980205104622124
-17.86267267395054
15.827624086040231
-10.609271593453311
-16.85844309271908
17.944193897903926
-12.926759775921877
-16.606591317192116
17.17694166708013
-12.441431732943167
-15.600618967618663
16.47632565383173
-12.931783727307858
-15.061988561991107
18.275437271462415
-11.825712232407609
-15.058927454624339
20.518619943334887
-10.665653053468198
-13.417124406291457
22.061612608327906
-10.355139428994352
-12.972836886708368
21.981721862998974
-12.385339004400931
-11.706681096382773
22.90541777955456
-13.904026598711692
-9.836845277104631
24.355446612697012
-13.849349736437091
-7.591768586272201
23.911008531823164
-15.263667539088896
-5.960814713380816
23.586620921463922
-16.5064703069271
-3.7022702828538954
22.724548781029856
-14.611690760049253
-4.461334627124949
21.206363318376386
-14.37492219124905
-3.138485777380911
21.64845434694768
-13.37359536294932
-4.478591964180332
20.711224545405333
-15.000331007670283
-2.796696843653325
20.696413985826474
-16.039477852724556
-1.8327877070307708
21.148398413097137
-17.604940740192315
-1.736179155044978
22.37421335560535
-15.902021154724723
0.4061125521525857
23.117129687894884
-17.663212922390304
2.8926993176195563
24.39750709608158
-16.300677926968227
1.8466323286576276
25.90283329136501
-18.489156701608046
4.031755144811096
25.55810292429509
-16.834657666022995
5.427828857642447
27.064689491331862
-16.239521571262202
5.591072126617992
28.467023616894558
-16.952366621854168
7.200290603884912
28.275877738154698
-18.020478936617344
5.04194061792753
29.35258783998439
-20.446667068073094
3.0967269488446956
29.350216886275152
-20.104617637748607
3.495187062372804
31.68829364684809
-21.961397035888883
5.440633390275961
33.011700335593446
-22.687597266108007
5.765108792283793
35.482077755524394
-23.631203095325258
4.147506599337811
34.283100889587836
-21.99677009389422
1.7448004965825108
34.00857212839328
-23.300963176991246
3.030003018826744
36.12607567768544
-24.567700981118925
4.8711556913581475
35.42801823244739
-25.567278997500257
3.622557754107209
33.324791799951946
-24.983770497889946
3.363344226982022
34.314964189268046
-26.28641961295238
4.187358926156332
32.386919997423185
-27.71854833039726
2.700763093584551
33.84649686454591
-26.669938988077554
0.7457796803926284
33.63637992353028
-24.450143676027444
-1.1057456364077909
31.935933883830018
-26.448027819172776
-1.4553831765439138
33.99910209507116
-27.58159083485154
-0.6784190720256724
36.206422114935464
-27.83158108317591
-1.3269225283014587
36.286517936065216
-30.094235198619714
-3.2626074620268968
37.0310476337113
-32.041256099883796
-5.492934720042864
38.66650761502504
-33.75282372016815
-5.670230449317252
39.97583311372126
-33.34796655583793
-5.511016913380272
39.01442746550619
-33.78534740960748
-5.1935424076739185
41.22918766133054
-34.21539990981531
-6.2415515322873425
38.924869780612156
-33.974413277138794
-6.60963678261495
38.008963212971736
-35.87910017618227
-7.86181630138374
36.52648380606254
-38.12753514371859
-8.854933143788843
39.01052125617318
-40.121796957441404
-9.573506427622931
36.85261888105889
-41.478735060218725
-7.595676305969484
37.2577530948662
-40.66502618544255
-5.212452557809905
36.83610916284384
-39.95876245939542
-4.127062843034672
36.29895266374385
-38.680162676472115
-2.348453043631589
36.91485433587544
-37.75970222436877
-3.955708313667575
35.45154586905862
-39.77255959056405
-5.574849563159866
34.42348106048508
-42.05321103727431
-4.1431062387465
32.275988130213584
-43.13100777092699
-4.8754174914493476
31.770956435166376
-44.37602467942241
-7.04405702662036
34.05528011001142
-42.66509384353922
-8.646146975837452
35.51730410753942
-41.79688267998264
-10.996069033274186
37.08487390298192
-41.81325575119485
-9.768990679967619
35.98671001401563
-40.17899815618915
-9.933847151068411
35.73867836109421
-42.034575322224406
-7.877644686953088
35.556780650106035
-44.402189771290146
-6.024340656402082
35.33979146948276
-43.661326893777634
-7.295835931903167
35.09832645769903
-45.51876185910314
-5.645403552692374
36.70592640235708
-46.173255530640446
-7.879348930621071
35.981555263656375
-46.83418161745535
-8.231941597204013
36.70671971801241
-44.86184983762351
-9.492477547857554
37.246423406245114
-45.479012900028216
-10.580697532015925
39.1939096603215
-47.483208134488954
-8.78054908408801
39.82652572561761
-47.14098619906555
-9.892709696169593
41.066288045287166
-45.759690760804745
-8.416455099684486
41.34251146141202
-45.16189147279652
-9.27783401068739
43.41862709607879
-46.90859323347932
-9.490839425121473
43.17461380075397
-48.68498047120456
-11.668604927979098
44.960817804270945
-46.43406629167603
-11.931268184632822
42.865687231408984
-45.31512332873537
-11.528505006617301
45.216273348301314
-45.07442521638808
-13.763903378708612
45.32616323895483
-43.8648223166141
-14.946249746315818
46.880280287313106
-45.27774016869092
-13.06796266811259
47.66946856394781
-44.979894727968244
-14.31161913554253
48.4422239112363
-45.226023543098876
-14.330901952739561
49.34791274413578
-43.84993159690119
-13.65032513061852
49.413365244502614
-45.626716274193846
-11.968592581331132
50.64004619497508
-46.574927482854584
-12.754597005090176
50.91154299164254
-48.16925015010355
-11.36609868035161
49.8106499085984
-47.955011208834435
-12.538208967349927
50.30477564859359
-49.073873823272834
-14.67020267529275
48.37242225401877
-50.94102414464166
-15.697507675416912
50.619625784834035
-48.836571872798714
-13.89117434518625
49.26794716782179
-51.06343651223073
-11.641573433817
47.300222884315886
-50.87031753948481
-10.938161857919045
45.76790941533647
-51.14575914038216
-9.783931853088646
47.9017121423937
-51.431708152502175
-8.925798450672826
49.3494881731639
-51.478324263068345
-10.707447602720062
47.65755257230524
-50.93277288897477
-10.62762630934869
45.55416990629269
-53.352613318003804
-9.335019202327741
43.44586791131414
-55.45658047568404
-10.854024915015957
44.97433678062781
-54.07386070257644
-8.439764273752653
45.464957989375215
-54.89215797605157
-7.0102088375424465
47.343059895502506
-56.75822507708602
-9.11448816520285
46.127338371797464
-56.60466604432616
-10.691798279436277
48.2468687661365
-58.8131965413144
-8.539629811027492
50.65908341296959
-60.36481287230325
-6.165018514700646
49.032076404195884
-60.818567740874585
-5.6698616697025
49.382466388563365
-58.36005125201911
-3.931748242819282
47.240014006215404
-59.46952107372339
-4.398389857384401
48.87647248798592
-59.76418149865647
-4.433571327122865
47.95611761753326
-60.34519963752109
-3.341707223643176
49.10982803711955
-61.83721818882103
-3.8692664782473933
48.61411262549587
-62.08796736135204
-1.8588930527105747
49.01353229361949
-60.17739359550451
-0.7623682031376187
47.299485351959035
-61.245219157364424
0.5684205215710747
46.583196508258844
-61.260469677972694
-1.75976003005898
44.08580287047161
-62.65984971160355
-3.85746551452302
44.28448423463527
-64.54933072846089
-5.53869248685598
44.947087453067965
-64.66282418308654
-7.12179803206116
46.70657357271146
-65.74218842853239
-8.051206675772907
48.13190906172151
-65.61427159551859
-9.133820308080399
45.70062859597343
-64.9732955301273
-9.546943428378238
44.40200033487272
-67.06359698600518
-7.921454212969218
43.8185540037724
-68.93978788859305
-10.101460514299102
44.59233607029442
-66.92086818039321
-11.338199844030871
42.79777908301337
-67.82673513096684
-12.311371687281458
43.81291765030387
-69.58985294375398
-11.105948532797296
42.798195298116255
-67.09651183334626
-9.873970203048886
40.5570664007256
-67.7743477097599
-11.67392342484713
39.17066354193767
-69.60906897812356
-11.134985464057285
39.53106089481188
-70.1623184473552
-9.934052118427184
40.48518983794456
-71.44451986646013
-10.485259266803727
40.69621033050948
-69.25217255734552
-12.838303460416128
39.716041017519565
-70.34594697509345
-12.015458963946005
40.6407290450668
-70.34230226967912
-14.503726999067627
38.409650007321936
-70.6456230566552
-16.615880196075143
39.36378449194682
-70.5432945605242
-17.90102224916997
40.13155136172584
-72.49031885194181
-16.003309262136767
42.20340796120328
-70.96934560182581
-17.039038338041813
42.43288747931909
-71.21180396384419
-14.848918221032148
42.40313936632285
-69.10293223616848
-14.547566828519797
42.30978686227888
-69.24028880054448
-14.553730988716397
41.080756165943825
-67.40396634911266
-12.92074384629229
42.03700309779008
-68.98400322260827
-13.767068926173739
42.84079471202506
-69.36419708147436
-11.977753897841216
42.42787004647288
-70.21399637070411
-13.344823562485779
42.819732076813736
-70.37472995011565
-15.811094196853272
43.92365841778436
-70.91683576510934
-15.22961215711292
43.231075625167264
-72.62825448486157
-13.161629572354611
43.63344693919655
-71.54753633596594
-11.31544141176314
45.81615531668745
-70.51973777279261
-10.838384728793523
44.50494378699962
-72.42755858570844
-9.625748212833269
46.96481266801374
-71.44254242372915
-11.056103250851354
46.14879415130098
-71.37701858645468
-10.92724709049436
48.068169236504076
-69.5085360584107
-9.498893636922709
49.55027981739422
-69.91283572126216
-9.948910472642478
50.40082363478745
-68.51588847627686
-12.359302277171642
52.02236691327469
-68.35162408540944
-13.869169281666837
50.26664638961948
-66.04606465268834
-14.8671474546857
49.7961870788061
-68.42749299423014
-16.336740931541076
48.59828497506302
-68.72576501521876
-17.253239483922233
48.274859767666065
-70.30805063112459
-18.249328911910183
49.46224568172498
-72.41395105168361
-17.073869652414974
47.812459560827165
-73.8842264226857
-16.488267844534526
47.86682114693881
-73.29988787144391
-18.715893571602948
47.20999579160955
-71.30798910206438
-20.798852416347962
48.402795738964144
-71.08558061398516
-22.035542366071954
48.35780067205211
-73.48497222930857
-21.783161149802734
47.20227547738808
-72.23473606279951
-20.49208962292137
48.40720145330831
-72.9335335912738
-20.403000519097468
45.97659024200888
-75.31220266696279
-20.229819293480507
44.85971162682725
-76.69073830170235
-21.60540432968295
42.53322481704906
-78.62726158118079
-21.457789716245937
43.8447310356185
-78.00076998109397
-21.609899633286066
44.68243086201633
-78.12177632999494
-22.469572907918653
43.651890498711815
-80.24346721428013
-21.640658455617324
46.118345878958365
-78.5554157108321
-23.440791691594814
48.35044041420482
-79.05752080846885
-21.927134414745257
47.605760538756755
-77.45493083865583
-23.44066922543577
50.03283756680674
-77.0486930564037
-24.588588118372982
51.65756937630449
-74.63689312703025
-26.975759600233964
50.57430354262692
-72.6475307273083
-27.405665561169755
53.0321312265186
-73.83936897837651
-27.783561531343555
53.75103099459262
-73.4888390126133
-28.01953592190743
52.65095092648055
-72.6280457858795
-28.464888947748413
52.94761621352697
-72.31129458287539
-30.673852430907697
52.257579381816285
-71.15505306291917
-28.65166600869789
52.373784549410395
-70.45215961131105
-30.781656211647054
54.255314442980364
-68.95010709808773
-28.65036965410874
53.85170276828474
-70.21220976198137
-27.695636940085738
52.41324606789357
-70.38202033518523
-27.756352990129606
52.58738935368651
-69.80418578241606
-27.64014769743136
52.792910481396525
-69.00789951104184
-27.905673075219852
51.0101678064409
-69.86569813418839
-29.44963930742071
52.88479438582397
-68.27978416968087
-28.134575127076364
52.25324769448072
-65.83561426893966
-29.257625991711123
50.11906619161183
-67.69102090996071
-29.048382485783634
50.99470167249749
-68.48877357704116
-30.66398316188456
51.36442292352036
-68.05041540187318
-33.08796833018046
53.215008049807146
-70.3377472748584
-31.703229950334475
52.79821622695986
-68.69821427114928
-32.39049171379494
53.99025419324619
-70.23252635478913
-31.33969826519591
52.02023781275314
-71.22688047364547
-32.36865365725534
51.09891753256876
-73.19576796895664
-34.33849511419166
49.020420355783166
-74.40517861071109
-33.525933135791554
50.95733925458322
-72.02905862037998
-33.950713439002534
49.89585923197322
-70.71063154238735
-34.70303822931238
52.25548582640033
-72.84807693791046
-34.15443230034464
51.132517127025686
-73.48245627751513
-36.30706311293328
50.03846504212813
-75.5959261488426
-37.40785539981937
47.58380893272149
-74.5399530334466
-37.310941150708004
49.49521959962292
-76.69838230262728
-38.398541499916654
47.126974059417954
-76.66819236825445
-36.73719846099246
45.96659244496596
-75.03741250677065
-36.22318239117903
44.47223827912104
-73.58156142059921
-34.35586654677176
46.579435538045836
-73.90419349486709
-34.898465192265775
48.307064427407205
-74.24871959423385
-35.87721398271947
46.73588415257464
-73.10685307444452
-33.70378297240167
48.74575129665222
-73.7667448611091
-33.55212280827145
48.59950389893881
-73.54543767017523
-35.1444326381505
47.26216921580202
-74.66588036750716
-36.22100744175304
48.64942591719385
-74.89135329114734
-34.04374802671754
47.5582702797765
-73.73643795893429
-34.799994677929604
45.39541686289162
-75.1486927161333
-37.17303860842284
46.92507331460813
-76.0762544176718
-39.64430951274807
48.312772828106944
-77.975536110721
-37.747128383862716
46.76290805585037
-76.47854780008319
-37.82136394469971
45.65326179272554
-78.62698460818807
-40.29943262371155
46.80523382396092
-79.05826209509105
-40.260257276052606
49.14596423852954
-79.71719565415384
-40.434626080184785
46.736576518363705
-81.27494126945167
-39.81716877328353
44.416167318396745
-82.57474411673887
-40.95197110634432
44.30940538072717
-85.0379616235802
-42.837999504912965
44.5280676467141
-85.47099909908827
-43.89728975951999
42.28709840934625
-86.29578927375425
-42.0675388156649
42.38824147701346
-85.33991420783389
-43.72977986873245
43.450729498039024
-82.93139532812647
-45.42435424504174
41.22854315303124
-81.49784225919475
-43.30685463301655
43.55116370684077
-83.11524920232684
-43.45590825085539
42.236823732834225
-83.94654917920334
-45.2185976084262
42.19719271275968
-84.8539416814643
-46.87837165825593
44.566150288105106
-85.01813858901033
-47.86625822532975
44.369786597129746
-85.53487558394677
-48.26932010028598
43.871564425995786
-86.71691430178642
-50.306955090928476
43.43539291493854
-88.27415682282157
-51.69826843416396
44.882932666509234
-89.99535558711034
-53.56472275734746
45.57812976658167
-89.25029094881899
-52.28781500304256
46.086933853377445
-90.20714796580248
-53.68973057272451
45.53354767411342
-88.10510388563661
-55.990948371474715
45.32286011625134
-87.10963146523545
-55.25542290020193
43.12308459968185
-87.55768859631597
-53.91030302953667
44.468963605185216
-85.22861274804877
-53.79443699517614
43.71504425190636
-83.52855606135243
-53.267805042945994
41.90818485529993
-84.65650733217491
-55.159692848229824
40.255819476004795
-83.25297347269698
-56.30645281670024
42.407873878437286
-82.7333991786532
-58.22633420161264
41.27997112230595
-81.90439555168624
-57.54136725530598
43.44362286860569
-81.17690663399121
-57.40473651982347
42.717797923884206
-79.81579828343965
-58.04237372070281
40.527774904528414
-82.04610939193371
-56.660394678349945
40.971209710857266
-81.96785098256088
-56.109112522720025
41.51865547975301
-82.77095883524727
-57.272772326939574
41.19781379737612
-81.23848900651551
-56.45336179841584
39.8260726871348
-78.98436163995265
-54.511768209054
39.90468622644033
-78.09747035290239
-54.99103010066281
37.48555478072283
-79.7357440384002
-54.29479345767196
38.01002484076511
-78.98537785124681
-52.96154001641939
40.12334440139072
-77.30133746771048
-51.16134095630868
37.757052092588445
-75.03334274953566
-50.9107630499823
35.92140939292926
-76.79293329139017
-53.177515879135115
33.54214773716247
-76.55240056394535
-55.291480230350345
34.56302169837142
-77.05122809530312
-55.577822367457976
36.08470088123183
-77.13541132384421
-57.04936945685272
35.07540607282562
-77.57618376398314
-59.45505928147551
37.059203427440124
-76.61848034855765
-61.257748617250876
38.78919667750429
-75.50366491674298
-58.94471649499443
38.321534173268276
-77.7075133562571
-57.02029247990651
40.43932779878534
-76.09601208735357
-58.60100424285684
41.08341415953247
-78.1195037129369
-56.79902717539478
41.99634904657306
-76.5524111417418
-56.68774388064034
44.33823650655756
-75.46222675182317
-54.33830377705407
44.24604327839401
-75.25859539409151
-54.48105310014415
42.23234606792182
-75.79358028661682
-52.929758425689876
43.900519610595666
-74.5782085865557
-53.463872665301146
46.12367825979348
-75.4974746032365
-53.905617191721504
45.24005387113857
-77.75491633298866
-54.091102468659074
43.480544861502175
-77.53120156861765
-55.17882020939547
41.115253772637544
-75.86989756533175
-56.13807460851871
40.24375845462923
-74.5955008513068
-54.88397254406972
38.01197172446713
-75.82668921792052
-53.55982101574482
39.41437808517352
-74.13185651815496
-54.94297028696827
38.456704121964144
-75.20872960167303
-55.502157018395735
36.63737911049584
-72.84872425061678
-57.82468797009139
36.712323187864115
-71.7892004532496
-55.94884265229771
35.992172237143
-72.50428412278148
-53.61014943524532
34.584393891668164
-73.11154699567372
-54.452078100276744
36.5598499261362
-72.26455546812502
-52.10873175943694
35.28205733790042
-70.05212643562469
-50.65221116882312
37.72820914847152
-68.44552836741622
-50.967983585012014
38.50896725087231
-67.40935314641753
-49.224539416598645
36.74773137573474
-65.60281622800035
-49.07067744211558
36.53692498091447
-64.84080249556925
-49.676249880076604
35.6436703876094
-64.05886013349964
-49.63211712204568
37.61764919357381
-63.913668378223846
-51.152765002212824
35.46627364451526
-65.35127807951405
-50.79750073614447
37.775248628772864
-66.76515484625823
-50.464724395434104
35.30250523633883
-67.5090728376168
-49.9300848158936
34.67824794387498
-68.49330271609446
-47.90033161694474
35.50956205726324
-68.85161037864593
-48.145343857168676
36.60633455466327
-66.39907838903699
-47.32022094523852
38.20108588066395
-64.0482067150482
-48.43668115698662
40.29400170464979
-64.44715469873138
-48.41490188808662
40.16574812406662
-65.27357400737428
-49.15855283634365
39.7462297614535
-66.87285648378331
-49.0767693270442
38.76848114782389
-64.51087287089757
-46.6651753969834
40.08337126766975
-62.66465296536757
-48.05283229179322
39.59615821571446
-64.06826108304789
-46.544066649405295
39.07323509706656
-61.90093576031501
-47.64080164165086
40.43711272401327
-60.814730835606206
-47.66435058031992
41.32237788172021
-58.33536364007845
-47.48581812755206
40.3213881809559
-58.84231437484014
-45.86632499439518
38.81354777564509
-61.17295262769316
-44.16812384617363
39.81022620554614
-63.510385797449516
-44.56827394902166
41.87422085636835
-63.26957701095083
-46.14643512453927
41.07103197970387
-62.32630266250217
-48.505060013418614
40.72994262418738
-61.093527531091034
-50.68866470725778
38.345951424674354
-59.13591412318062
-50.78861304709786
39.72560977827119
-58.655032518326685
-51.72714765746443
41.80404620332006
-58.4433029947986
-50.844847643198904
43.217010845564886
-59.440429077359774
-50.29878439773602
40.80374377549594
-57.941049059050556
-49.3664892955279
42.06906665345888
-58.70062420591244
-47.248884929507085
41.219074397459096
-59.51714205588809
-47.13609705239964
38.770744608162865
-58.89822726175755
-46.248071888005065
41.09769633086929
-57.53110996232521
-48.432877240854
40.856722051479046
-55.098157512372666
-50.56397685562619
42.65732904095415
-55.71874571055929
-49.659281420923904
43.93928846968021
-53.94321448986777
-48.26910626383915
42.69789733541801
-56.43780711428025
-45.86300112562414
40.21098125179343
-54.77251906215418
-46.2089825586361
41.223902357365155
-54.57458935662051
-45.83756505018188
41.354515576895096
-53.133508705567984
-44.91545436252835
43.69660350916567
-50.96428110765219
-46.86265660341856
41.40594465512964
-50.92579777971015
-48.18616522934441
40.44595664441013
-52.10502959986525
-48.49942493350278
38.18839321544351
-53.105391753665884
-49.63651358484018
38.56264189618389
-53.771251170104776
-51.12128932375387
37.44278152028652
-53.471312145803736
-53.14773625316956
35.483487612555926
-51.77384157163021
-55.450350043363564
37.49861226040537
-50.49514252709857
-57.56635810221762
36.20821502605883
-50.36034854110484
-58.98320205153769
36.1147593545309
-51.76570477866543
-57.84053022212008
35.08617797264611
-52.986173458746684
-59.18849228695284
36.24006606837217
-51.34795208518626
-60.44826628612742
38.480020627854536
-50.458151579579685
-61.25648600612122
40.909076143857725
-52.01482798211923
-59.01916466281184
42.90857004281039
-51.40299298919077
-58.72397482312193
43.11488219520526
-53.144731237658974
-58.42407389004018
41.894013802900645
-55.238871103509254
-60.078601231448616
44.15617485587688
-57.58771751504714
-59.78404550499936
42.942213941587895
-57.548887129896585
-61.590214264810974
44.40396345041513
-57.56815632067922
-64.01978198191655
43.379332942395195
-59.128001762949964
-64.33876919710734
42.325909902166885
-58.764043485187216
-66.78787330290193
43.23781156474173
-56.621679187883466
-67.29302811506578
44.1582325356439
-57.09762980656211
-66.54026575552335
42.87422010943439
-57.32377292787856
-66.67517005872091
43.1990562504607
-59.402273870638865
-64.94139506604544
45.37423665867236
-58.20916894902187
-65.34995660795894
42.99311783350527
-56.21103181475932
-65.42124152473802
42.23483669182185
-58.55333804634469
-65.48347206748673
43.583444698024294
-59.458310743849744
-65.35668975137695
44.25868113918185
-57.27612295405211
-63.4728011815315
43.64720128886471
-58.26117622630243
-62.7100135621803
44.110001974283655
-59.416260241464386
-63.51440388044967
44.67868332842982
-59.14986037742853
-65.9287320817352
43.203246676430865
-57.26347926923407
-64.37010749355325
42.30894756784583
-55.70673911157697
-62.96835275122108
43.08002863941682
-54.56640010774794
-64.05392779189953
41.9623874103673
-55.725511359908275
-64.97511704521602
40.97467242505545
-57.79845313284078
-63.01735648655725
40.95763707374134
-57.53196368711194
-64.2369667300533
39.69996594508266
-58.3094214945493
-64.44162965039098
40.77828098571472
-56.792213935468524
-64.47331611172014
40.579712689987566
-57.51244963438065
-64.56630461814386
38.96176515397013
-56.68374496305079
-66.43043623675611
39.33216351117645
-58.584719971452955
-64.59036278452487
39.471631904800915
-58.71879355007703
-66.46583120033205
38.16811589214506
-59.26302187916366
-66.66333426826617
40.384636312834495
-56.94178818649922
-67.00440208954953
41.06632638513589
-58.47832537451494
-64.77017938760571
40.63767819432669
-59.23140513755416
-67.22540164988389
38.815783788312615
-61.02373768574591
-65.53528268303204
40.09443621796122
-62.84908869422428
-67.5743755804705
41.06497033145603
-62.80388719339981
-65.92068204415487
40.584903717921314
-62.67291408621892
-64.39397750507547
42.563851580628274
-61.819857119652376
-65.05817010619414
43.17430518306103
-63.38561295816305
-64.17712182418411
45.55343723060115
-63.168826226475566
-64.18016283868734
43.39111344754669
-63.72304760446447
-62.39511807886612
45.572558593569916
-64.2777112210903
-63.63832351261336
46.7539256467587
-62.81715839037449
-61.60173317013122
47.49233894865516
-61.041833952667965
-63.99010583588422
48.29180052112624
-60.26899501220634
-64.40716536758126
50.44442514023491
-57.89333366833842
-65.9592110668127
48.33496951079719
-58.36974806235653
-64.98078902622413
46.2051798345802
-57.52319601075001
-63.8355794685286
44.95269029901037
-57.752811285578
-64.1035005592041
45.98822125214451
-59.654737346952366
-63.62963302397398
47.23725489387726
-57.32888513663973
-62.665398706908775
46.64629797954593
-54.974300181878036
-64.25937762103308
48.233709344701914
-54.99040340448643
-63.49879193685854
50.227453944433954
-55.35407752045946
-64.9908050334919
49.76282801354416
-54.66872253267256
-63.869624544110096
47.663185345402034
-56.62165590890393
-65.51447361759533
47.8393490317261
-54.587370032173965
-64.05170470697382
46.201714367177
-56.04905381766859
-62.18475751387848
46.622169491234615
-57.86962971977005
-63.68018726093129
46.00648265794708
-55.79260441007838
-63.64663350875966
45.510025522063415
-54.6801460759872
-63.57036908785731
45.526087782510345
-56.99479651943245
-61.28434045584415
45.33327564786804
-58.485070914242904
-62.88369406855405
43.09103681238183
-57.600674783516595
-62.845106375145896
44.55839461927198
-59.99887768112886
-63.938094769607574
45.67661609007667
-58.00895821589679
-64.17984431212705
46.14650647690803
-58.47688541021612
-61.99831918558441
44.097149908312055
-56.376331315089814
-63.30516782744185
46.301410369364284
-54.46757960033219
-61.37089877609626
47.138120122667345
-56.21482947865101
-60.522655396728275
48.101510605690926
-57.60812399634391
-60.13468346614813
50.51504817278196
-56.89669047612459
-61.61616993125637
50.653223754433206
-55.49592079859805
-63.008693044253775
48.578054036715955
-56.04564771126113
-64.06627391606465
49.196470253752395
-55.75063991071387
-65.13038615815191
49.933119643062525
-56.38347091961817
-63.80763928850185
47.65671753335739
-58.53969633576512
-64.95723616969353
49.91305980006038
-57.10832001794342
-64.26475879353696
51.96536767234037
-56.4013973301823
-66.09117718286511
53.843507937313255
-54.387327873945154
-66.9156114188958
55.31040731872919
-52.64684679090956
-68.81633391281005
57.042343127163925
-53.311572834676056
-71.19709324779423
55.486632269320204
-54.403036125576406
-71.15397501921274
56.77934192231197
-54.32451091520468
-70.34649438906578
57.629673024739816
-52.4404260923059
-70.58510092370064
57.98487566798133
-53.133185058757526
-71.17107396574066
59.520862065154674
-54.340573483208814
-69.12461290457892
61.80718127809462
-52.17506067477012
-70.53075872360807
63.788624306453016
-51.54820588918562
-71.96536229049812
61.90575609876497
-53.86854271680573
-73.74948244919071
61.5752513104142
-53.159717475805735
-74.63866906861894
59.83973068990922
-55.4223504595096
-76.07675379489598
57.67777220584286
-57.747115168771536
-73.82104105236341
59.82792226390906
-57.35047176442931
-75.27416798981092
62.21532920578963
-56.87092707728639
-74.9808410626129
60.163116809912275
-56.84504043783814
-73.79918565097717
58.65094331564406
-54.54279341008193
-72.94852129695565
59.85359765627369
-55.33909586487064
-73.15191856683018
58.31456663109762
-54.3154848888398
-75.42440543054701
59.35010510514933
-55.37439490519413
-77.06465782597327
57.1507690442112
-53.47518744060295
-76.01586832801064
56.19037464834658
-55.0592597132998
-75.13567804742677
55.85305048806867
-55.59508385115577
-74.80954389709714
56.71744112516154
-56.91950565387899
-76.64402903749959
58.57263046445524
-58.26897118395639
-78.5853250614025
57.574993510623315
-58.72396776091087
-77.66568596909434
55.79371506193399
-60.95902324304303
-79.4107202281427
56.298588688150666
-63.43395630153959
-77.75621945721966
53.8277432536502
-62.111809027328874
-80.01369223398729
55.155019560415916
-63.749354290204145
-81.85386822216542
55.29310918232896
-63.42333290340506
-80.55893602167747
53.0814570072819
-65.80625485509587
-82.21530057750839
52.89810887985451
-63.98439487587942
-84.55480098874612
50.652527958217476
-65.75182281789398
-84.58460292257695
53.09229955863695
-66.54805064676876
-84.82121608320911
53.177767354839084
-64.24593647470775
-82.72241791609164
54.955303567879746
-64.81454365740043
-80.50218359934831
57.3185125878876
-65.72588179028712
-80.09164387719623
57.38199659041397
-63.36694889583215
-79.33424485244099
55.935179035822955
-62.49834050113282
-78.49974437070921
55.10094380791776
-62.1668014057914
-79.84294213944946
53.1143608413537
-61.22312343036798
-82.27340050895458
52.18035907272671
-59.177553609540105
-79.78966047641873
50.2634736053519
-59.10875435105706
-78.30327514657094
50.170295440486726
-57.077217794696104
-78.0614668077667
50.67290969205173
-56.22879127105022
-78.17328211638893
51.01729151280425
-57.546645033545815
-77.94301727985462
48.678809424408385
-59.52827162942399
-78.56155544224553
48.85232511903381
-58.077857443373155
-80.90100679213893
50.89383756252705
-57.96441109735104
-80.4707898030035
51.00936762695302
-57.543449046640994
-82.35560619159675
50.62076416464655
-58.667349896637255
-80.41673596807284
49.50685743741582
-59.03310328191845
-79.13760188486289
48.496402279790644
-57.69912040137688
-77.46909161250008
48.49298251227838
-56.26239929369818
-78.52836987738742
47.42864090722399
-54.5332487710215
-77.2931542653167
49.832596725745205
-55.182118764345994
-78.27821049589055
51.967834175182425
-53.218520076089874
-76.97193838322262
51.12878171119503
-51.469086312421304
-76.51169846378659
49.76050322784112
-51.28699337844347
-77.15991958944953
47.92365043970927
-49.395514679728514
-76.05396637283472
45.52408535841438
-48.425915450084716
-74.16277927487673
43.76446699264079
-50.81050591593154
-73.78402213264283
42.702530577886684
-51.32865437094435
-72.61019231880285
40.605831116036796
-53.211870679037055
-73.1333549119745
42.25178299555514
-52.10709943690187
-71.16179193975249
44.44749861852093
-50.217400469062504
-72.06330831870247
45.765914311240415
-50.2612754704057
-70.0555815769427
47.581595084003084
-50.633424966990134
-68.50899240836702
47.41749925469491
-49.27778316081803
-70.91877775347982
45.538447952883025
-50.75475489993319
-71.90255069573176
43.76485674460002
-50.256317528911296
-72.64862365551846
44.51746543884335
-48.73204511415078
-74.25467356490216
46.37419484343825
-48.59579139634735
-72.00712943382547
46.8144134791919
-48.28116006973267
-71.77586366075313
46.33971847420393
-46.979502428059014
-72.77128024521076
44.85461240207889
-46.09010704663984
-70.7575756837405
42.99152401244841
-44.077006614531356
-71.29283528296561
40.988515666127
-45.383068808264134
-69.52542839380231
42.18702989353472
-47.832687928936586
-70.81346944183265
42.937445086287504
-45.96671081506039
-71.97702664720974
43.018068777174555
-44.581975217993396
-71.76395289812677
45.07506941830789
-44.77679829177057
-73.17688674828365
44.63649240437717
-44.31733619567314
-71.37233290507572
46.3025452724044
-44.460949914348525
-70.25943600708484
46.444055377380124
-46.21747802049488
-69.41020894945306
47.72113015655382
-47.25699232678969
-69.89090117051975
49.44065823263217
-47.581849999897045
-69.52594849828478
48.783087519971424
-47.205550351975276
-71.08073960126646
49.288665392035384
-46.92065374579909
-72.2774298189491
48.22241548000612
-45.78021822874552
-70.22772001700939
47.117418845262094
-45.71144494222338
-68.40523774595368
44.84577760948211
-47.66172797251269
-68.06411614519394
45.19707696773363
-48.16725223361392
-66.52966409093504
46.83431883494913
-49.66334149967746
-65.0676160453914
47.303588023638476
-51.21861545824876
-62.97903640298686
47.177606935583746
-53.628925593141474
-64.35183134872408
47.9587072789235
-52.570477640308496
-65.7828387992257
49.683477180635656
-53.47338261573558
-66.65008302105558
52.087228249556354
-50.99861926807594
-65.31122619273145
54.418401776015756
-50.53233056140581
-67.07682214066506
54.15171711181263
-50.95194011372598
-66.24489498512705
56.27250238891737
-51.51516016784568
-66.87572004557602
57.394500015026004
-50.499203328803134
-68.6757157568214
54.93681735118937
-51.339778373517895
-70.08386085563934
52.97583839762324
-51.20744850914527
-68.68146656732138
50.53863029002134
-49.72343662411486
-67.2491409427097
50.44876255868418
-47.24252947944073
-66.72236772036518
52.62197836668122
-46.41944238109716
-66.34175890621617
50.765063455733014
-46.30282158881389
-67.37339840203823
49.003640737692486
-47.521339784278084
-66.60252162209679
49.85132289898895
-46.58221622226192
-68.34154306054454
50.0849727829005
-45.91835885609651
-68.41410545442409
49.73740938888323
-44.27388460182046
-67.95098009943624
47.725608888827885
-43.26193811365081
-67.02907164094971
47.057625630043496
-41.4125090387915
-66.71333841826007
46.64134047891686
-43.78370760889195
-68.4078388395483
47.54209553671742
-44.611431087104066
-70.2817920005138
46.23082990233773
-42.49465183980209
-70.75603232587927
44.34082709251236
-44.757846605722605
-71.51631309952414
44.76318698652401
-46.99570466664615
-73.06541876350853
43.265684945448676
-48.92319736038566
-73.66006980924897
44.481458479707555
-50.23081916158025
-72.53310568841327
42.30860704132847
-48.74557976148775
-70.25396255692173
43.959543744531864
-48.225930337565366
-68.65023999251703
45.90917783912289
-48.399362731527
-68.46438683218311
45.12840305356053
-48.63514384020282
-68.72666818115175
43.46741976679464
-48.651048092602586
-68.54362076171095
44.735608265846835
-46.92209235947634
-69.81811606584421
46.571397876799416
-46.44205534056391
-70.99391782965881
45.793434821095296
-44.555343707573364
-71.1887573842451
48.010611833963104
-44.78738528350734
-69.59990577493667
46.64384805731769
-43.23943038642122
-68.51351068480079
45.34215088397613
-42.889210693309174
-66.39855029764733
43.8007986514056
-44.64989218198085
-66.96517854839342
43.25688633995386
-43.008058613804096
-68.96577507462206
44.390718230038075
-41.58435782711486
-69.21286436120224
45.50101302288973
-40.775724332853635
-71.401096687435
44.114879051737965
-43.0195239188233
-69.79205770752691
42.25645450788249
-42.90848910251914
-68.80822539325865
43.2102018096875
-44.991893986217704
-69.84982394582096
42.939870887096085
-44.816772276555184
-68.69113214300818
44.21509473891935
-46.545242373509396
-67.61829448398149
44.91070252651238
-45.54287041956775
-67.44466020022577
45.52771663121197
-46.77595889107877
-65.66382437973165
46.08351050389974
-45.36905273131008
-64.39197061517167
45.364377659671476
-45.62368471461159
-66.84768397033143
47.10914894991212
-47.38454106432104
-66.37916933619444
44.71168280604816
-46.86745028410202
-68.75520828877848
46.55746405078244
-48.47459102066296
-70.21848318477743
44.44861075453116
-46.560743930518356
-68.78429782349245
45.11156685449993
-47.04475118921662
-66.87676327573139
45.30078874349163
-45.137108453424524
-66.69982553964873
45.29240512597618
-46.52880036470511
-64.72079678977717
44.375032518485824
-46.2506374588486
-65.6173401600969
45.903895289770844
-47.78530278347991
-65.62014798619957
44.258929758437034
-46.218482108767304
-66.78453174102475
42.1607443641709
-47.52138769365936
-67.72862408904638
42.23856720808492
-49.00144638624696
-70.18076001000736
43.39181242185143
-47.39689878033632
-70.81880586251984
45.86224375958893
-45.650443067512526
-72.1921859835603
43.66332852669546
-44.653736137886426
-72.70736036247595
41.84340973910943
-45.00864552832079
-70.89433742266783
44.20359290040813
-45.41334382187783
-72.98129441739
46.14805182345769
-44.08776758566186
-73.42596481238144
46.31569416079062
-45.506409543112
-70.9591545298247
44.33719926782165
-43.74867737378196
-71.03069110666237
41.9434550191798
-41.857852434989994
-69.22798245553217
43.5903413203533
-40.89846359706842
-69.89332038682355
43.37081755602248
-41.23826217909665
-72.31125273255266
45.35708778317322
-43.09921982476103
-74.2588965608884
43.335550334233986
-41.253169993642764
-72.17890793053253
45.467816144460315
-39.06069588074149
-72.38959603284874
45.5596638300534
-38.07417286049981
-73.32660384130457
46.1240053869758
-35.66089561456147
-75.51813399314413
44.4089302685685
-38.09475828917345
-76.78224934838266
43.333231635535036
-37.050631995268354
-78.29601478611573
41.310731600121294
-37.599479821029945
-76.2078167765567
41.103040095111325
-39.5332009644721
-74.00956004030598
40.78862698308751
-37.94325004472966
-73.80239290602123
42.93879357068217
-38.19825250890944
-72.94201728385057
40.82024632052741
-39.02329123250667
-71.70951612200388
41.28025341900204
-38.0031095886639
-72.44762199639553
39.709702883891644
-36.380135770859155
-73.92395110739295
41.6718777848326
-33.9687275187398
-75.0130353646312
40.05894173447797
-36.38347338525372
-72.66258520141436
42.053963858782375
-38.01921347665334
-71.16622792422982
42.68482100476305
-39.403484714229734
-71.00667951360015
43.34149055863481
-38.005589598983455
-69.80305831953129
44.4343058710068
-38.80831809209344
-71.51583480585066
46.166501084116646
-36.509679703187444
-69.40686025376439
48.34414019554772
-38.54818216664228
-69.24540946629706
48.4066161609443
-40.31408462303045
-67.18667879200243
46.385781792623625
-39.37599624084629
-65.38723513367933
43.93780238907392
-39.66155891897544
-65.986051025597
44.29026183471043
-42.012299570191324
-65.6355918795539
44.243637914260624
-42.01454443167194
-66.29715145369957
44.517933469744385
-41.241564651640665
-66.76118489199855
42.76879481981129
-40.90187835924069
-66.30018893218147
43.27678060642252
-39.51772485062704
-67.39628446845275
41.918592749394854
-39.81681705149068
-68.41015844423353
43.48890527690752
-37.67736139917956
-67.25690647094761
41.88302884751985
-39.027378359047326
-66.29136904680219
41.38800055613998
-41.3661102231087
-66.83851078069412
42.17041470315784
-40.72541453084952
-68.5975909061927
39.795723764171576
-39.248855021598644
-66.97370232084513
39.283764196124075
-39.54090229376574
-67.69101979678963
37.32516136979009
-41.839308705542706
-67.45502990789082
37.00698461279829
-43.47360360350079
-65.64122943574503
35.49458971225915
-43.84245843277922
-66.90986652401152
37.0496886656937
-42.548701694808926
-67.33209078920116
35.72781809982651
-44.65354067178276
-65.53638512355737
33.68871886716617
-44.40019584327344
-66.0277897739083
33.36369916459353
-43.68907652620589
-65.44966026515492
31.024281183758998
-41.96835909040958
-66.30052303491755
30.477295577428947
-40.52259228163237
-68.67824920421504
32.00283317943816
-41.47069746146059
-70.15942927826195
30.56585191018058
-43.601225375114026
-70.4800221182564
32.340375963235665
-41.11310441807392
-71.78022388625861
31.424279330442353
-43.107809396551595
-73.73626192026555
32.55543575078068
-43.12016030760632
-72.20257436724505
32.56526138780912
-44.64494492219078
-74.01877707165814
33.02452359218872
-43.24577915906527
-75.08845095296266
31.4834126579252
-43.3263728547011
-74.64123192586904
32.591535144657776
-44.622052865914746
-72.57304708323994
30.700609843423887
-42.718722153055836
-71.85536230105974
29.967127323253514
-42.046549056694595
-69.60747310434971
29.512472374141534
-44.52847756048604
-68.55331312929658
27.677814588370644
-45.23789285731472
-68.92332916362341
27.790755738330642
-47.2414559225084
-69.2444148659062
28.36087645356899
-46.09259397006275
-69.45066282530247
28.27165360480803
-48.19540369330858
-71.64538408168548
29.32136832997393
-48.62909346322559
-70.59648115530871
31.50908078161914
-49.57663448924403
-68.12320920680203
33.499439088431316
-51.07873101346082
-65.7021079817744
31.426597938367216
-49.95859745965407
-67.44289886117915
33.367279941872034
-51.59425070450517
-66.70910052215442
31.26914692035824
-52.903786385916874
-64.82307297688298
33.496331992414454
-51.50364097496456
-65.9726562531933
31.16834167629592
-51.59251894696166
-64.84059447964134
29.97231052362251
-50.37927359538171
-67.30667715975734
28.87639257704056
-49.453103985380125
-68.27516692015801
28.78162762439371
-51.20716779844095
-66.77360977192498
29.30081176078692
-51.53538134777651
-68.96888029630037
29.25648754617548
-49.08514889764178
-67.86776866082089
28.767964972926222
-47.98646646426827
-68.76990662307517
27.239660555689177
-45.632512526545966
-67.0793276814958
26.51888786711496
-44.879472458521505
-64.77684281215475
25.76215241034245
-45.84068765515883
-66.33925869003517
25.733160476027603
-45.76139174901736
-63.901082025339676
23.5452410021957
-44.1239204798205
-63.40970953349335
25.09971719713414
-43.63007610949527
-64.89852065638658
25.03399999829129
-45.01210096614077
-65.11641378759525
27.088018166380753
-46.37402328745511
-64.46950219140541
28.726733841770105
-46.4667072286695
-64.22490161698569
30.082862835660762
-46.04218235901494
-64.3507867152051
29.941234473249132
-43.98382796833154
-65.7286656463126
30.223947274290975
-45.24567998546825
-64.40007716688318
29.668777900006557
-43.668821431465204
-63.19679500351187
30.68011056956022
-43.750591218221224
-64.37152092067822
28.985268299231738
-43.322076668389464
-64.50938257232708
28.00706350578139
-43.08038699162462
-64.13651467267289
30.137497383794493
-42.77342872099772
-66.52099132375768
29.60830954423135
-43.33448739758737
-66.74026485580026
31.738977679554527
-43.31725387187689
-66.43602783803551
33.404934888711516
-44.1151541595423
-67.0103224452785
34.461736659572594
-43.27858034983116
-67.54138022011318
35.31407567795895
-42.96305290386492
-67.57043786976554
33.27887006387069
-41.64247236162526
-68.39920805735285
32.78337899384035
-43.25574172202327
-70.88519135069238
35.09030530472978
-42.78055040724578
-69.72363514711547
35.823046785288774
-43.83819073640241
-68.64982535082089
33.88437701574511
-46.08498384761454
-70.52725850713621
35.05997687840778
-45.920441560260926
-71.94414162853288
35.02696737567719
-48.33141714836271
-73.6751469175206
35.86169222717958
-48.10954565584284
-75.42223027559888
34.028931649708746
-45.991514214898956
-76.91919788649975
34.04703005348471
-47.615200537721734
-78.56368474726317
35.71653059210596
-49.43115015757685
-79.32758098866307
37.63797183714693
-48.09802648032191
-79.50473103797952
38.013752934910876
-47.65936354608713
-81.78166878461502
39.9929966925892
-45.72358845343967
-83.79240817841921
41.42691959974014
-43.394758013596444
-85.55679694623403
41.00688333781418
-41.81881458900587
-85.42842382714467
42.15867624455303
-41.88072357788725
-82.98373135627344
42.29370693876428
-40.23495656837291
-81.87705079245511
41.874227341719774
-42.48733897058782
-83.36935454914716
42.37527882209664
-40.51799738177542
-84.63070441721388
42.9295595900811
-39.741541040635646
-85.90275422761206
40.87546335038382
-37.6338090123174
-86.5207021851562
41.60368909552583
-35.71920522945421
-84.51618979285905
41.54239254192297
-35.54093041758778
-84.83592676205886
43.377154062606195
-37.17509708935647
-82.34412206296098
42.83354276329828
-35.121847262312606
-82.58745603868155
43.308593574715495
-34.7497912803499
-83.01953939897761
41.858204295471666
-33.294527188863775
-84.56467348062633
39.98221280555481
-32.07542684395563
-84.58039786130007
38.83119803186675
-31.86748983795589
-86.16510808672582
36.749255805324374
-29.52718025583504
-87.76120243139512
39.112333312336865
-30.52887217637423
-85.71495466473817
41.460132838318785
-29.25667255510154
-85.67675270058537
40.165213009447
-27.348431095206113
-87.2902384114546
41.15502009581182
-27.22748494416192
-85.52775728642906
38.810588399124576
-29.315637569509168
-85.51834702865908
41.1266908516481
-29.189836778921983
-83.032294520559
39.5591951724749
-31.61570453067196
-81.80412592862926
39.97631874306834
-30.632189683328157
-81.7438988378542
40.83087784691133
-29.430335030317075
-80.46369080560962
42.60840158011926
-29.261010689984218
-80.26334466391309
43.436770243872445
-27.117785781772813
-82.30640998985491
44.16733726405038
-27.04074092981814
-81.2218106404683
41.90051702350703
-28.817656894604035
-83.28274496619467
42.3582815116195
-28.3784189630536
-82.36468004831163
41.37986743153932
-27.36647681568718
-82.73940954287418
41.886082220827305
-28.144100844619597
-83.15641261613933
41.42223075478543
-26.206245470061837
-80.66057878790616
39.88637516921419
-26.36589571938819
-81.6393175885864
41.622416707450995
-25.602472489699775
-81.36968454502944
39.71839125163012
-24.007562878586242
-82.57913941061729
40.99781443784256
-21.795179198717797
-82.80632956393136
40.49790881664141
-20.43870563622455
-81.16902229669523
40.2865239200551
-20.22441911773141
-82.99612783128323
42.30839921896857
-20.489022723139275
-81.36069297955041
41.714555327360884
-22.14257924819463
-83.73675264337791
43.23483597332208
-24.41637132170105
-81.77421019524277
45.014424845684914
-22.054656865300355
-79.51245975384973
45.36685206190649
-21.25193575399681
-79.6425793074012
45.13590744830197
-19.93492059577016
-81.17204567798842
44.127156845549685
-22.036693680151494
-78.7705128839176
44.07407649689277
-23.08507702356179
-78.02457290848696
45.36896754386928
-23.308340830496117
-75.5804653084735
46.487155261434694
-20.93055118680835
-73.90261002718164
46.211951272528346
-20.252039550471626
-73.92835783842169
45.802252237603895
-21.10673283175272
-73.08483054238518
46.55463855212463
-19.3712650864068
-71.9950904931494
48.533123212207
-21.490817399607774
-70.54768140160434
48.5292681406773
-20.140155901621988
-72.84082419029329
47.06897669823276
-21.622963007792126
-70.97542133814655
46.39205481167282
-20.62706298884764
-72.66945754376974
46.815133497685494
-21.862236048789963
-70.63384389207808
47.20223927742933
-21.18356985729421
-72.28893668568455
46.90953809519323
-21.909855213051674
-72.41755070568047
46.66147458394458
-23.905864961047914
-70.46916225555003
47.50554401441606
-22.718901354880344
-72.62289264486932
46.673797815847934
-22.509328836901968
-72.76943681460827
47.51180216933451
-22.309807602235267
-74.27352719414358
49.397818736188974
-20.429695778346154
-74.81632306151342
49.59198882382988
-19.839226400100458
-75.85690312908824
47.21578268948271
-17.85935635900581
-73.62482856311377
49.54033359491428
-16.622744294012023
-74.34352299223552
49.71629727712409
-18.606522665115858
-73.83058890959383
49.50849655140994
-18.734239214861795
-75.47800722353426
47.42788864994943
-16.90959395861188
-73.73708591192704
47.50193373903996
-14.813198694596885
-71.42319331370696
47.04714153105523
-15.661298085098283
-72.61205035308315
44.98424686377372
-17.472236531568093
-72.70180868682304
46.33028609430263
-18.11686780493828
-72.60609586218214
46.09299985018228
-20.169225853951957
-71.59292710886339
48.581199007323406
-18.168907118903338
-72.15202578476959
48.828584928699584
-19.651049666377407
-72.24740557609162
47.67762843928289
-19.37837297926589
-73.55948136233857
47.119235329400546
-19.698880058180947
-71.36341670447102
44.64177030623225
-18.103831992418023
-70.19592320037229
42.3783170669242
-20.22615996316298
-69.34571450946551
40.41180346415855
-18.82434984193675
-68.99871996437061
40.6127817851268
-16.884321156496522
-70.78920506138451
41.31922357333275
-17.384510939349706
-70.69803711215931
41.08541289243936
-16.23137738880757
-72.13355885263859
40.09091688619754
-13.988870241631616
-70.21542994448359
41.437052489647996
-13.836369857225952
-67.89349724627907
42.93872872734985
-13.095911503301997
-67.78789861605237
40.87911000672376
-12.360864125743074
-69.35216304672987
43.01305384771499
-12.891524904214412
-69.24959524426745
40.71275759997186
-12.437395816481164
-66.9192625073901
39.27131926494862
-13.96064104325655
-68.41283068445838
39.42826877929803
-15.950569433361427
-66.97609082174303
39.756690245756396
-16.858944518996502
-69.18873845015737
41.03512725319035
-16.18070480964071
-69.71591247827483
40.50916585480782
-16.77975250827235
-67.58764583546032
38.65139803085055
-18.554968109054983
-67.20956465395942
37.911038592453316
-18.639816397960637
-68.55458552168199
40.29747195048423
-19.09253029136019
-67.05353433457852
42.6410770821237
-17.428730378796736
-68.20505869210933
44.35439499749586
-18.693204987612027
-68.35190942188564
43.613732958436906
-19.051984131179598
-67.7229009429244
45.58656664487441
-17.907541800122925
-69.9052528971158
46.69345523861477
-17.727100230028487
-68.5379006409491
48.85611947913817
-18.603826686554914
-70.00122709131621
50.31195646014988
-16.600664985996293
-68.02287255783477
48.060167368234495
-14.818070219675729
-67.39143316684498
50.16890130854452
-14.118221326731039
-68.55048442118813
50.54686080810356
-11.990573021394525
-67.04209272756165
52.70664718544676
-10.483639106150433
-68.25911400668794
52.334495040102034
-8.197665834388527
-66.04864429908545
52.761153346404406
-6.845197605914902
-66.43629024043662
54.956229479682676
-8.502141518285406
-65.86898674366276
53.65679471322705
-6.124784503934608
-67.41729202197924
53.47841742506693
-7.203680610916889
-67.30079587698009
51.73964428930202
-6.336978127020757
-68.93925289436035
52.579128231512264
-8.338930536117436
-68.65857876193714
54.85610607080356
-6.558258468501268
-69.70387084624166
55.63570937541917
-8.986768415177849
-70.61630342982066
57.81692938211151
-10.409872029368456
-71.16186161385154
55.705329371730954
-9.016153649963757
-72.8896876392635
55.74344063741513
-6.621928623639748
-73.60388778039973
54.30274043760733
-6.308051739527065
-75.29471971471669
52.19279174112314
-4.158706927248124
-77.46641352766414
52.866629446278345
-3.5662258734365233
-76.91867740551007
50.62492107055759
-3.536552985601534
-77.36103275572987
51.38691003888237
-2.7822675459628616
-78.93519801016056
53.56735022137181
-4.3680496148449155
-78.9330701927834
55.74134541801509
-2.9312201133808795
-76.46297044680294
53.36102756353425
-2.619137963311568
-74.72569633395864
53.38213537344821
-0.37338956995783157
-76.30283923683712
52.36559531479805
1.3672327519465417
-76.05998571355667
51.60222614869153
-0.029262733461106638
-77.96334758802786
53.50274773034267
-0.8389403850551844
-78.84549333810874
53.35998985585466
0.9300830366819024
-80.33602265901527
50.93872059282737
2.1721745476957555
-80.99177542604336
50.83483703852192
2.9470096654613585
-78.80768187122676
48.86887932725517
1.7450336680699323
-77.41317428603126
50.8743365710315
1.8162984153878787
-76.08404796077612
51.61587971233912
1.975916769590423
-77.64561753299975
49.468968980006686
3.918154688753271
-78.8358556151188
47.27634876282873
2.4448070706873275
-80.50461379878385
46.69887149573819
1.798334720994245
-81.86201578760246
47.3066365382002
0.6265007386603472
-84.31403304014718
44.93254981972961
-0.4287154317709614
-81.94374577248277
44.62185117136075
-2.5564916546197907
-80.52593154804022
43.91428108315506
-3.526252088555261
-78.12338152111843
42.94020550848053
-4.318757019699038
-79.98175848976449
44.887791058569924
-3.5398398709941055
-81.25807169044413
44.06938902365098
-4.089496756163132
-83.20409686966157
44.52771411508615
-5.114641365411534
-81.29961138877012
44.91897668423693
-4.756886758435762
-83.53713082731247
45.2089768574377
-6.140702368589125
-85.55422578370629
47.52291810591298
-8.183397897709357
-83.18522254503617
48.30061899505675
-7.589242333596554
-82.71064657194563